 QMD%strs
QMD%loopc, QMD%smax    1    0.198161E-02    0.500000E-06      -0.2882040417E+00
        0.0011440831        0.0000000000        0.0000000000
        0.0000000000        0.0011440831       -0.0000000000
        0.0000000000       -0.0000000000        0.0011440831
 QMD%strs
QMD%loopc, QMD%smax    2    0.184775E-02    0.500000E-06      -0.2922016044E+00
        0.0010668003       -0.0000000000       -0.0000000000
       -0.0000000000        0.0010668003        0.0000000000
       -0.0000000000        0.0000000000        0.0010668003
 QMD%strs
QMD%loopc, QMD%smax    3    0.142196E-02    0.500000E-06      -0.3022598137E+00
        0.0008209681       -0.0000000000       -0.0000000000
       -0.0000000000        0.0008209681        0.0000000000
       -0.0000000000        0.0000000000        0.0008209681
 QMD%strs
QMD%loopc, QMD%smax    4    0.781050E-03    0.500000E-06      -0.3127681768E+00
        0.0004509393       -0.0000000000       -0.0000000000
       -0.0000000000        0.0004509393        0.0000000000
       -0.0000000000        0.0000000000        0.0004509393
 QMD%strs
QMD%loopc, QMD%smax    5    0.174671E-03    0.500000E-06      -0.3183498206E+00
        0.0001008465       -0.0000000000       -0.0000000000
       -0.0000000000        0.0001008465        0.0000000000
       -0.0000000000        0.0000000000        0.0001008465
 QMD%strs
QMD%loopc, QMD%smax    6    0.306214E-03    0.500000E-06      -0.3173032699E+00
       -0.0001767928        0.0000000000       -0.0000000000
        0.0000000000       -0.0001767928       -0.0000000000
       -0.0000000000       -0.0000000000       -0.0001767928
 QMD%strs
QMD%loopc, QMD%smax    7    0.580612E-04    0.500000E-06      -0.3186729560E+00
       -0.0000385486        0.0000047477        0.0000033574
        0.0000047477       -0.0000316973        0.0000004433
        0.0000033574        0.0000004433       -0.0000272829
 QMD%strs
QMD%loopc, QMD%smax    8    0.523605E-04    0.500000E-06      -0.3186814653E+00
       -0.0000349233        0.0000044059        0.0000031163
        0.0000044059       -0.0000284391        0.0000005007
        0.0000031163        0.0000005007       -0.0000244071
 QMD%strs
QMD%loopc, QMD%smax    9    0.416831E-04    0.500000E-06      -0.3186952163E+00
       -0.0000282445        0.0000039951        0.0000028260
        0.0000039951       -0.0000222540        0.0000005332
        0.0000028260        0.0000005332       -0.0000186430
 QMD%strs
QMD%loopc, QMD%smax   10    0.271611E-04    0.500000E-06      -0.3187089423E+00
       -0.0000190552        0.0000034795        0.0000024616
        0.0000034795       -0.0000137134        0.0000005536
        0.0000024616        0.0000005536       -0.0000106149
 QMD%strs
QMD%loopc, QMD%smax   11    0.114729E-04    0.500000E-06      -0.3187173943E+00
       -0.0000081757        0.0000028556        0.0000020205
        0.0000028556       -0.0000036363        0.0000005661
        0.0000020205        0.0000005661       -0.0000011551
 QMD%strs
QMD%loopc, QMD%smax   12    0.932078E-05    0.500000E-06      -0.3187187585E+00
        0.0000014590        0.0000024224        0.0000017156
        0.0000024224        0.0000055348        0.0000000527
        0.0000017156        0.0000000527        0.0000043427
 QMD%strs
QMD%loopc, QMD%smax   13    0.501951E-05    0.500000E-06      -0.3187195790E+00
       -0.0000007278        0.0000012872        0.0000009107
        0.0000012872        0.0000015537        0.0000006994
        0.0000009107        0.0000006994        0.0000032172
 QMD%strs
QMD%loopc, QMD%smax   14    0.482878E-05    0.500000E-06      -0.3187196297E+00
       -0.0000000530        0.0000007374        0.0000005229
        0.0000007374        0.0000027598        0.0000005706
        0.0000005229        0.0000005706        0.0000033356
 QMD%strs
QMD%loopc, QMD%smax   15    0.492312E-05    0.500000E-06      -0.3187196468E+00
        0.0000000876        0.0000001886        0.0000001342
        0.0000001886        0.0000029674        0.0000006237
        0.0000001342        0.0000006237        0.0000036951
 QMD%strs
QMD%loopc, QMD%smax   16    0.494187E-05    0.500000E-06      -0.3187196649E+00
        0.0000001259       -0.0000002618       -0.0000001847
       -0.0000002618        0.0000029944        0.0000006631
       -0.0000001847        0.0000006631        0.0000036428
 QMD%strs
QMD%loopc, QMD%smax   17    0.273555E-05    0.500000E-06      -0.3187199691E+00
       -0.0000007952        0.0000002802        0.0000001986
        0.0000002802        0.0000017207        0.0000002002
        0.0000001986        0.0000002002        0.0000018050
 QMD%strs
QMD%loopc, QMD%smax   18    0.172923E-05    0.500000E-06      -0.3187200579E+00
       -0.0000012867        0.0000000159        0.0000000127
        0.0000000159        0.0000010746       -0.0000000375
        0.0000000127       -0.0000000375        0.0000004154
 QMD%strs
QMD%loopc, QMD%smax   19    0.243813E-05    0.500000E-06      -0.3187200665E+00
       -0.0000020721        0.0000001362        0.0000000977
        0.0000001362       -0.0000003283       -0.0000000320
        0.0000000977       -0.0000000320       -0.0000011944
 QMD%strs
QMD%loopc, QMD%smax   20    0.166555E-05    0.500000E-06      -0.3187201044E+00
       -0.0000015969        0.0000001315        0.0000000934
        0.0000001315        0.0000001021       -0.0000000153
        0.0000000934       -0.0000000153        0.0000003297
 QMD%strs
QMD%loopc, QMD%smax   21    0.132295E-05    0.500000E-06      -0.3187201260E+00
       -0.0000012861        0.0000001167        0.0000000831
        0.0000001167        0.0000000838        0.0000000410
        0.0000000831        0.0000000410        0.0000000152
 QMD%strs
QMD%loopc, QMD%smax   22    0.930148E-06    0.500000E-06      -0.3187201458E+00
       -0.0000008634        0.0000000647        0.0000000462
        0.0000000647        0.0000001990        0.0000000957
        0.0000000462        0.0000000957        0.0000001351
 QMD%strs
QMD%loopc, QMD%smax   23    0.745122E-06    0.500000E-06      -0.3187201634E+00
       -0.0000005043       -0.0000000504       -0.0000000355
       -0.0000000504        0.0000003286        0.0000001107
       -0.0000000355        0.0000001107        0.0000003588
 QMD%strs
QMD%loopc, QMD%smax   24    0.814629E-06    0.500000E-06      -0.3187201741E+00
       -0.0000001579       -0.0000001347       -0.0000000954
       -0.0000001347        0.0000004436        0.0000001065
       -0.0000000954        0.0000001065        0.0000005362
 QMD%strs
QMD%loopc, QMD%smax   25    0.100368E-05    0.500000E-06      -0.3187201795E+00
        0.0000001617       -0.0000001804       -0.0000001277
       -0.0000001804        0.0000005870        0.0000000782
       -0.0000001277        0.0000000782        0.0000006456
 QMD%strs
QMD%loopc, QMD%smax   26    0.654315E-06    0.500000E-06      -0.3187201857E+00
       -0.0000001945        0.0000000802        0.0000000568
        0.0000000802        0.0000003832        0.0000000322
        0.0000000568        0.0000000322        0.0000004479
 QMD%strs
QMD%loopc, QMD%smax   27    0.636957E-06    0.500000E-06      -0.3187201885E+00
       -0.0000000961        0.0000001971        0.0000001395
        0.0000001971        0.0000002663        0.0000000622
        0.0000001395        0.0000000622        0.0000002770
 QMD%strs
QMD%loopc, QMD%smax   28    0.268019E-06    0.500000E-06      -0.3187201928E+00
       -0.0000001618        0.0000000518        0.0000000367
        0.0000000518        0.0000000881        0.0000000678
        0.0000000367        0.0000000678        0.0000000582
